	 z[m]	 p[mb]	 tp[K]	 q[g/kg]	 u[m/s]	 v[m/s]
0	64	1012.0
	 37.0000 1007.8302 301.8742  18.3196   0.0000   0.0000
	112.0000 999.4202 301.9290  18.0441   0.0000   0.0000
	194.0000 990.2833 302.0175  17.9619   0.0000   0.0000
	288.0000 979.8850 302.1112  17.8169   0.0000   0.0000
	395.0000 968.1464 302.2326  17.6246   0.0000   0.0000
	520.0000 954.5647 302.4226  17.2977   0.0000   0.0000
	667.0000 938.7765 302.7910  16.7217   0.0000   0.0000
	843.0000 920.1407 303.4334  15.9144   0.0000   0.0000
	1062.0000 897.3661 304.3626  15.0156   0.0000   0.0000
	1331.0000 870.0231 305.5979  15.5928   0.0000   0.0000
	1664.0000 837.1307 307.1736  14.3706   0.0000   0.0000
	2055.0000 799.8354 309.0649  13.0276   0.0000   0.0000
	2493.0000 759.7115 311.2058  11.6073   0.0000   0.0000
	2966.0000 718.2758 313.4640  10.2077   0.0000   0.0000
	3459.0000 677.0981 315.7656   8.9006   0.0000   0.0000
	3959.0000 637.3467 318.1086   7.6934   0.0000   0.0000
	4459.0000 599.5402 320.4734   6.5786   0.0000   0.0000
	4959.0000 563.6002 322.8379   5.5547   0.0000   0.0000
	5459.0000 529.4526 325.2298   4.6168   0.0000   0.0000
	5959.0000 497.0261 327.6330   3.7828   0.0000   0.0000
	6459.0000 466.2447 329.9113   3.0869   0.0000   0.0000
	6959.0000 437.0325 332.1105   2.4899   0.0000   0.0000
	7459.0000 409.3204 334.2753   1.9570   0.0000   0.0000
	7959.0000 383.0431 336.3832   1.4840   0.0000   0.0000
	8459.0000 358.1340 338.3396   1.0956   0.0000   0.0000
	8959.0000 334.5247 340.0656   0.8016   0.0000   0.0000
	9459.0000 312.1499 341.6022   0.5810   0.0000   0.0000
	9959.0000 290.9504 342.9689   0.4157   0.0000   0.0000
	10459.0000 270.8705 344.1459   0.2935   0.0000   0.0000
	10959.0000 251.8580 345.1503   0.2035   0.0000   0.0000
	11459.0000 233.8651 346.0326   0.1371   0.0000   0.0000
	11959.0000 216.8501 346.8695   0.0883   0.0000   0.0000
	12459.0000 200.7771 347.7850   0.0525   0.0000   0.0000
	12959.0000 185.6186 349.0070   0.0276   0.0000   0.0000
	13459.0000 171.3550 350.7826   0.0157   0.0000   0.0000
	13959.0000 157.9728 353.3642   0.0122   0.0000   0.0000
	14459.0000 145.4640 357.1596   0.0114   0.0000   0.0000
	14959.0000 133.8212 362.3043   0.0113   0.0000   0.0000
	15459.0000 123.0354 369.2602   0.0113   0.0000   0.0000
	15959.0000 113.0852 377.4749   0.0113   0.0000   0.0000
	16459.0000 103.9288 386.5568   0.0112   0.0000   0.0000
	16959.0000  95.5087 395.6562   0.0110   0.0000   0.0000
	17459.0000  87.7700 405.5965   0.0106   0.0000   0.0000
	17959.0000  80.6635 415.8527   0.0101   0.0000   0.0000
	18459.0000  74.1447 427.3343   0.0093   0.0000   0.0000
	18959.0000  68.1703 439.0196   0.0085   0.0000   0.0000
	19459.0000  62.6980 451.8576   0.0076   0.0000   0.0000
	19959.0000  57.6838 464.1155   0.0066   0.0000   0.0000
	20459.0000  53.0810 476.0974   0.0056   0.0000   0.0000
	20959.0000  48.8513 488.1249   0.0051   0.0000   0.0000
	21459.0000  44.9629 500.3419   0.0050   0.0000   0.0000
	21959.0000  41.3878 512.9861   0.0050   0.0000   0.0000
	22459.0000  38.1013 526.0057   0.0050   0.0000   0.0000
	22959.0000  35.0808 539.6926   0.0050   0.0000   0.0000
	23459.0000  32.3054 553.7728   0.0050   0.0000   0.0000
	23959.0000  29.7551 568.2235   0.0050   0.0000   0.0000
	24459.0000  27.4115 583.1945   0.0050   0.0000   0.0000
	24959.0000  25.2580 598.6620   0.0050   0.0000   0.0000
	25459.0000  23.2786 614.2615   0.0050   0.0000   0.0000
	25959.0000  21.4579 629.8109   0.0050   0.0000   0.0000
	26459.0000  19.7810 644.5493   0.0050   0.0000   0.0000
	26959.0000  18.2325 657.5616   0.0050   0.0000   0.0000
	27459.0000  16.7975 667.8171   0.0050   0.0000   0.0000
	27959.0000  15.4652 678.3154   0.0050   0.0000   0.0000
1000	64	1012.0
	 37.0000 1007.8302 301.8742  18.3196   0.0000   0.0000
	112.0000 999.4202 301.9290  18.0441   0.0000   0.0000
	194.0000 990.2833 302.0175  17.9619   0.0000   0.0000
	288.0000 979.8850 302.1112  17.8169   0.0000   0.0000
	395.0000 968.1464 302.2326  17.6246   0.0000   0.0000
	520.0000 954.5647 302.4226  17.2977   0.0000   0.0000
	667.0000 938.7765 302.7910  16.7217   0.0000   0.0000
	843.0000 920.1407 303.4334  15.9144   0.0000   0.0000
	1062.0000 897.3661 304.3626  15.0156   0.0000   0.0000
	1331.0000 870.0231 305.5979  15.5928   0.0000   0.0000
	1664.0000 837.1307 307.1736  14.3706   0.0000   0.0000
	2055.0000 799.8354 309.0649  13.0276   0.0000   0.0000
	2493.0000 759.7115 311.2058  11.6073   0.0000   0.0000
	2966.0000 718.2758 313.4640  10.2077   0.0000   0.0000
	3459.0000 677.0981 315.7656   8.9006   0.0000   0.0000
	3959.0000 637.3467 318.1086   7.6934   0.0000   0.0000
	4459.0000 599.5402 320.4734   6.5786   0.0000   0.0000
	4959.0000 563.6002 322.8379   5.5547   0.0000   0.0000
	5459.0000 529.4526 325.2298   4.6168   0.0000   0.0000
	5959.0000 497.0261 327.6330   3.7828   0.0000   0.0000
	6459.0000 466.2447 329.9113   3.0869   0.0000   0.0000
	6959.0000 437.0325 332.1105   2.4899   0.0000   0.0000
	7459.0000 409.3204 334.2753   1.9570   0.0000   0.0000
	7959.0000 383.0431 336.3832   1.4840   0.0000   0.0000
	8459.0000 358.1340 338.3396   1.0956   0.0000   0.0000
	8959.0000 334.5247 340.0656   0.8016   0.0000   0.0000
	9459.0000 312.1499 341.6022   0.5810   0.0000   0.0000
	9959.0000 290.9504 342.9689   0.4157   0.0000   0.0000
	10459.0000 270.8705 344.1459   0.2935   0.0000   0.0000
	10959.0000 251.8580 345.1503   0.2035   0.0000   0.0000
	11459.0000 233.8651 346.0326   0.1371   0.0000   0.0000
	11959.0000 216.8501 346.8695   0.0883   0.0000   0.0000
	12459.0000 200.7771 347.7850   0.0525   0.0000   0.0000
	12959.0000 185.6186 349.0070   0.0276   0.0000   0.0000
	13459.0000 171.3550 350.7826   0.0157   0.0000   0.0000
	13959.0000 157.9728 353.3642   0.0122   0.0000   0.0000
	14459.0000 145.4640 357.1596   0.0114   0.0000   0.0000
	14959.0000 133.8212 362.3043   0.0113   0.0000   0.0000
	15459.0000 123.0354 369.2602   0.0113   0.0000   0.0000
	15959.0000 113.0852 377.4749   0.0113   0.0000   0.0000
	16459.0000 103.9288 386.5568   0.0112   0.0000   0.0000
	16959.0000  95.5087 395.6562   0.0110   0.0000   0.0000
	17459.0000  87.7700 405.5965   0.0106   0.0000   0.0000
	17959.0000  80.6635 415.8527   0.0101   0.0000   0.0000
	18459.0000  74.1447 427.3343   0.0093   0.0000   0.0000
	18959.0000  68.1703 439.0196   0.0085   0.0000   0.0000
	19459.0000  62.6980 451.8576   0.0076   0.0000   0.0000
	19959.0000  57.6838 464.1155   0.0066   0.0000   0.0000
	20459.0000  53.0810 476.0974   0.0056   0.0000   0.0000
	20959.0000  48.8513 488.1249   0.0051   0.0000   0.0000
	21459.0000  44.9629 500.3419   0.0050   0.0000   0.0000
	21959.0000  41.3878 512.9861   0.0050   0.0000   0.0000
	22459.0000  38.1013 526.0057   0.0050   0.0000   0.0000
	22959.0000  35.0808 539.6926   0.0050   0.0000   0.0000
	23459.0000  32.3054 553.7728   0.0050   0.0000   0.0000
	23959.0000  29.7551 568.2235   0.0050   0.0000   0.0000
	24459.0000  27.4115 583.1945   0.0050   0.0000   0.0000
	24959.0000  25.2580 598.6620   0.0050   0.0000   0.0000
	25459.0000  23.2786 614.2615   0.0050   0.0000   0.0000
	25959.0000  21.4579 629.8109   0.0050   0.0000   0.0000
	26459.0000  19.7810 644.5493   0.0050   0.0000   0.0000
	26959.0000  18.2325 657.5616   0.0050   0.0000   0.0000
	27459.0000  16.7975 667.8171   0.0050   0.0000   0.0000
	27959.0000  15.4652 678.3154   0.0050   0.0000   0.0000